1|Курил|Александрович|Кирсанов|Лекма|+7 499 123 45 56|+7 916 123 34 57
2|Дмитрий|Олегович|Силантьев|Ликбез|+7 495 123 45 69|+7 916 133 45 69
3|Олег|Павлович|Шнега|Формуляр|+7 495 128 34 56|+7 916 756 65 48
4|Кирсанов|Кирилл|Александрович|Лекма|+7 499 123 45 56|+7 916 123 34 57
5|Дмитрий|Олегович|Силантьев|Ликбез|+7 495 123 45 69|+7 916 133 45 69
6|Олег|Павлович|Шнега|Формуляр|+7 495 128 34 56|+7 916 756 65 48
7|Астар|Абисович|Абиялов|Лестер|+7 499 123 45 67|8 495 126 84 63
8|Самос|Самоедович|Филкин|Тендон|+7 495 123 45 67|+7 916 456 76 54
9|Дмитрий|Олегович|Силантьев|Ликбез|+7 495 123 45 69|+7 916 133 45 69
10|Олег|Павлович|Шнега|Формуляр|+7 495 128 34 56|+7 916 756 65 48
11|Астар|Абисович|Абиялов|Лестер|+7 499 123 45 67|8 495 126 84 63
12|Самос|Самоедович|Филкин|Тендон|+7 495 123 45 67|+7 916 456 76 54
